E 0 238 41
E 0 159 46
E 1 12 36
E 1 235 44
E 2 110 69
E 2 139 50
E 3 262 33
E 3 210 41
E 40 171 43
E 4 251 35
E 5 13 67
E 5 239 54
E 6 55 56
E 6 258 46
E 7 290 39
E 7 311 79
E 8 350 38
E 8 309 58
E 9 338 28
E 9 78 62
E 10 277 42
E 10 108 36
E 11 154 32
E 11 54 41
E 12 213 42
E 13 151 57
E 14 124 46
E 14 64 28
E 15 318 37
E 15 319 73
E 16 119 98
E 16 331 62
E 17 288 89
E 17 40 41
E 18 163 32
E 18 61 56
E 19 236 31
E 19 93 33
E 20 129 48
E 20 283 38
E 21 86 46
E 21 75 51
E 22 84 39
E 22 120 81
E 23 97 35
E 23 287 57
E 24 84 51
E 25 193 42
E 25 253 35
E 26 98 31
E 26 230 64
E 27 239 64
E 27 246 59
E 28 29 79
E 29 374 46
E 30 354 24
E 30 150 44
E 31 41 28
E 31 144 36
E 32 343 54
E 32 303 41
E 33 344 52
E 33 304 41
E 34 248 36
E 34 41 57
E 35 111 34
E 35 172 40
E 36 198 105
E 36 37 39
E 38 336 35
E 38 289 38
E 39 153 38
E 39 267 46
E 40 297 37
E 42 190 42
E 42 215 35
E 43 66 41
E 43 328 57
E 44 162 54
E 44 250 64
E 45 348 43
E 45 155 35
E 46 242 63
E 46 329 46
E 47 148 46
E 47 195 41
E 48 182 66
E 48 318 60
E 49 164 42
E 49 241 40
E 50 77 54
E 50 109 62
E 51 137 62
E 51 202 69
E 52 201 20
E 53 372 47
E 53 167 33
E 54 145 51
E 55 127 60
E 56 351 59
E 56 362 75
E 57 150 35
E 58 307 31
E 58 369 31
E 59 224 72
E 59 162 53
E 60 299 63
E 60 133 45
E 61 335 28
E 62 287 53
E 62 216 48
E 63 123 44
E 63 169 57
E 64 192 57
E 65 342 41
E 65 121 57
E 67 135 87
E 67 173 51
E 68 136 85
E 69 120 287
E 69 281 131
E 70 73 45
E 70 165 66
E 71 254 73
E 71 255 37
E 72 188 52
E 73 330 46
E 74 195 44
E 74 221 52
E 75 142 93
E 76 156 59
E 76 111 30
E 77 356 57
E 78 175 41
E 79 177 41
E 79 138 71
E 80 274 41
E 80 360 49
E 81 178 43
E 81 274 43
E 82 87 32
E 82 277 47
E 83 243 36
E 83 128 49
E 85 204 47
E 85 351 46
E 86 211 37
E 87 300 43
E 88 181 44
E 88 301 47
E 89 90 29
E 90 91 26
E 91 185 27
E 92 34 37
E 93 97 45
E 94 200 27
E 94 205 39
E 95 210 48
E 95 292 37
E 96 324 52
E 96 293 42
E 98 155 69
E 99 358 31
E 99 349 54
E 100 207 113
E 100 321 59
E 101 293 43
E 101 209 36
E 102 252 35
E 102 130 37
E 103 327 44
E 103 367 30
E 104 199 62
E 104 271 40
E 105 296 42
E 105 163 47
E 106 231 29
E 106 206 36
E 107 335 49
E 107 314 49
E 108 152 29
E 109 127 59
E 110 332 37
E 112 180 71
E 113 234 36
E 113 207 47
E 114 263 72
E 115 263 39
E 115 285 70
E 116 233 50
E 117 148 59
E 118 329 60
E 118 288 30
E 119 295 41
E 121 124 67
E 122 140 103
E 122 125 59
E 123 250 51
E 125 340 107
E 126 272 37
E 126 182 42
E 128 324 42
E 129 311 49
E 131 153 72
E 131 272 63
E 132 223 68
E 132 327 40
E 133 317 49
E 134 270 47
E 134 374 53
E 135 331 65
E 136 290 73
E 137 359 54
E 138 158 57
E 139 355 46
E 140 313 47
E 141 291 37
E 141 197 49
E 142 339 27
E 143 340 29
E 143 160 44
E 144 170 46
E 145 373 55
E 146 283 33
E 146 247 50
E 147 159 44
E 147 191 49
E 149 241 57
E 149 345 79
E 151 339 93
E 153 245 64
E 154 349 33
E 156 371 46
E 157 306 36
E 157 291 49
E 158 371 66
E 160 226 40
E 161 364 28
E 161 184 39
E 164 244 60
E 165 375 33
E 166 258 38
E 166 252 37
E 167 265 31
E 168 326 49
E 168 245 28
E 169 341 54
E 171 264 49
E 172 240 35
E 173 227 34
E 174 221 31
E 174 346 72
E 175 325 144
E 176 281 71
E 177 225 88
E 179 237 37
E 180 267 91
E 183 278 51
E 184 260 31
E 184 352 36
E 185 186 26
E 186 372 33
E 187 188 34
E 187 273 46
E 189 367 49
E 189 370 35
E 190 269 27
E 191 194 67
E 192 337 36
E 193 271 38
E 194 276 67
E 196 259 47
E 197 199 28
E 198 52 42
E 200 257 51
E 201 145 46
E 202 326 112
E 203 317 53
E 203 332 40
E 204 366 51
E 205 296 38
E 206 218 45
E 208 361 42
E 208 333 48
E 209 232 54
E 211 284 49
E 212 275 86
E 212 295 64
E 214 236 42
E 215 307 60
E 216 243 55
E 217 353 29
E 217 322 37
E 218 294 38
E 219 297 50
E 219 313 81
E 220 316 35
E 220 315 80
E 222 323 42
E 222 330 31
E 223 289 43
E 224 282 80
E 225 298 75
E 226 270 39
E 227 356 38
E 228 255 53
E 228 282 49
E 229 305 43
E 229 312 64
E 230 354 62
E 231 368 40
E 232 348 46
E 233 320 33
E 234 249 38
E 235 284 44
E 237 261 37
E 238 322 27
E 244 352 37
E 246 302 37
E 247 357 23
E 248 280 57
E 249 273 35
E 254 345 75
E 256 362 37
E 257 265 26
E 259 198 47
E 259 36 84
E 260 266 37
E 261 266 46
E 264 286 41
E 268 337 39
E 269 301 35
E 275 328 41
E 278 357 59
E 279 320 37
E 280 92 43
E 285 305 61
E 286 370 35
E 292 361 38
E 294 347 46
E 298 303 46
E 299 304 48
E 300 341 46
E 302 366 53
E 306 355 33
E 308 347 29
E 308 338 33
E 309 336 65
E 310 375 28
E 310 342 67
E 312 350 37
E 314 343 98
E 315 344 107
E 316 369 27
E 321 359 23
E 323 334 47
E 325 353 69
E 333 334 32
E 346 358 33
E 360 368 47
E 363 365 28
E 364 365 28
E 373 196 37
E 7 8 180
E 13 14 180
E 16 18 240
E 16 17 240
E 17 18 240
E 20 21 180
E 22 23 180
E 32 33 180
E 50 51 180
E 55 57 240
E 55 56 240
E 56 57 240
E 59 60 180
E 67 69 300
E 67 68 300
E 67 70 300
E 67 71 300
E 68 69 300
E 68 70 300
E 68 71 300
E 69 70 300
E 69 71 300
E 70 71 300
E 77 79 240
E 77 78 240
E 78 79 240
E 93 94 180
E 95 96 180
E 99 100 180
E 109 110 180
E 115 116 180
E 117 118 180
E 119 120 180
E 121 123 240
E 121 122 240
E 122 123 240
E 124 125 180
E 132 133 180
E 135 136 180
E 137 138 180
E 142 144 240
E 142 143 240
E 143 144 240
E 148 149 180
E 154 156 240
E 154 155 240
E 155 156 240
E 169 170 180
E 175 177 240
E 175 176 240
E 176 177 240
E 191 192 180
E 196 197 180
E 198 199 180
E 202 203 180
E 206 208 300
E 206 207 300
E 206 209 300
E 207 208 300
E 207 209 300
E 208 209 300
E 212 214 300
E 212 213 300
E 212 215 300
E 213 214 300
E 213 215 300
E 214 215 300
E 219 220 180
E 221 222 180
E 223 225 240
E 223 224 240
E 224 225 240
E 227 228 180
E 231 232 180
E 238 239 180
E 242 244 240
E 242 243 240
E 243 244 240
E 245 246 180
E 247 248 180
E 278 279 180
E 281 282 180
E 284 285 180
E 292 293 180
E 295 296 180
E 298 299 180
E 303 304 180
E 309 310 180
E 311 313 300
E 311 312 300
E 311 314 300
E 311 315 300
E 312 313 300
E 312 314 300
E 312 315 300
E 313 314 300
E 313 315 300
E 314 315 300
E 325 327 240
E 325 326 240
E 326 327 240
E 339 341 240
E 339 340 240
E 340 341 240
E 342 344 240
E 342 343 240
E 343 344 240
E 346 347 180
E 354 355 180
E 366 367 180